"""
This file contains different sets of row and column information that can be
used in the nonogram.py file to create different pictures. These pictures
come from an app called Nonograms Katana.
"""

#elephant
ROWS = [[5], [11], [8, 2], [11, 1], [13], #1-5
        [7, 6], [3, 2, 7], [3, 1, 2, 7], [3, 2, 7], [8, 8], #6-10
        [8, 8], [4, 3, 7], [2, 4, 6, 1], [2, 2, 1, 4, 2], [1, 2, 2, 1, 3], #11-15
        [4, 2, 7], [4, 3, 4], [8, 4], [6, 4], [4, 4]] #16-20
COLS = [[1], [1, 1], [3, 3], [4, 4], [5, 6], #1-5
        [7, 2, 4], [7, 1, 3], [4, 2, 1, 4], [4, 1, 4, 5], [5, 5, 4], #6-10
        [13], [8, 1], [5, 4, 1], [5, 8, 1], [14, 1], #11-15
        [13, 1], [1, 11, 5], [1, 10, 6], [2, 8, 7], [3, 6, 8]] #16-20

#giraffe
ROWS = [[2, 2, 2], [2, 2, 3], [2, 3, 3, 1, 2], [3, 2, 3, 2, 1, 2], [1, 1, 1, 1, 1, 1, 3], #1-5
        [2, 2, 1, 3], [3, 1, 3], [6, 2, 2], [4, 6], [2, 1, 3], #6-10
        [1, 2, 1], [2, 1, 3, 2], [3, 1, 4, 1], [3, 5, 2], [2, 2, 2, 2], #11-15
        [3, 4, 1], [2, 1, 1, 6], [2, 1, 5], [3, 3, 5], [5, 4]] #16-20
COLS = [[5], [2, 3], [1, 2], [2, 1], [4], #1-5
        [3, 6, 2], [4, 3, 8], [3, 1, 4, 2], [1, 1, 2, 2], [2, 1], #6-10
        [1, 2, 2], [3, 1, 1, 2, 2], [4, 3, 1, 6], [3, 2, 2, 2], [1, 1, 4, 2], #11-15
        [2, 9, 4], [1, 5, 4, 4], [1, 3, 2, 4], [6, 1, 2, 3], [5, 5, 1]] #16-20

#koala
ROWS = [[4, 4], [1, 11, 2], [1, 1, 2, 2, 1], [1, 1, 1, 1], [1, 3, 1], #1-5
        [2, 1, 1], [2, 1, 2], [4, 1, 2, 1, 3], [5, 2, 1], [5, 2, 2], #6-10
        [6, 2], [1, 6, 3], [1, 3, 3, 2], [4, 3], [3, 2], #11-15
        [3, 2], [8, 2], [5, 2], [4, 2], [2, 2]] #16-20
COLS = [[11], [6, 1], [5, 5, 2], [1, 13], [1, 3, 11], #1-5
        [3, 3, 5], [1, 1, 1, 4], [1, 2, 3], [1, 3, 1, 2], [1, 3, 1, 1], #6-10
        [1, 1], [1, 1], [1], [1, 1], [2, 2], #11-15
        [3, 5], [1, 3, 3, 1], [1, 1, 7], [2, 2, 4], [6]] #16-20

#orca
ROWS = [[3], [4], [10], [11], [3, 10], #1-5
        [3, 5, 6], [6, 2, 5], [2, 3, 5], [3, 4, 4], [11, 3], #6-10
        [2, 2, 3], [3, 2, 3], [2, 5], [5], [5], #11-15
        [5], [2, 2], [2, 1], [1, 1, 1], [4, 4]] #16-20
COLS = [[2], [4], [3, 1], [3, 2], [2, 1, 1], #1-5
        [1, 1, 1], [2, 1, 1], [4, 1], [8], [10], #6-10
        [4, 6, 1], [3, 2, 2, 2], [4, 1, 1, 1], [5, 2, 2, 1], [6, 2, 2, 1], #11-15
        [3, 4, 5, 1], [2, 5, 6, 1], [1, 12, 2], [10, 1], [8]] #16-20

#fox
ROWS = [[3, 4], [1, 2, 2, 1], [1, 1, 2, 2, 1, 1], [1, 2, 2, 2, 2, 1], [1, 1, 7, 2, 1], #1-5
        [2, 2, 1, 1, 2, 1], [1, 3, 3, 1], [1, 1, 1, 2], [2, 2], [1, 1], #6-10
        [2, 3, 3, 1], [2, 3, 3, 1], [3, 1, 1, 2], [1, 1, 1, 2], [3, 1, 1, 1, 1], #11-15
        [2, 1, 3, 2, 1], [3, 2, 3, 2, 1], [3, 1, 1, 1, 1], [5, 5, 1], [1, 1, 2, 2]] #16-20
COLS = [[6, 2], [1, 3, 2], [1, 2, 5, 4], [1, 4, 1, 9], [2, 3, 1, 3, 2], #1-5
        [2, 1, 1, 1, 1], [2, 2, 2], [2, 2, 2, 2], [1, 2, 1], [1, 2, 1], #6-10
        [1, 4], [1, 2, 1], [3, 3, 1], [2, 2, 4], [2, 1, 2, 2], #11-15
        [1, 4, 1, 1, 1], [1, 4, 1 ,2, 3], [1, 2, 10], [1, 4], [4]] #16-20
